5725, 0.008983
5705, 0.016133
5705, 0.016361
5724, 0.02851
4619, 0.040493
3924, 0.040798
4618, 0.049017
3560, 0.050149
4229, 0.050149
4236, 0.050149
4239, 0.050149
5195, 0.050149
4620, 0.051637
5705, 0.061747
5777, 0.065947
2211, 0.066417
3852, 0.066667
2220, 0.081846
2213, 0.09658
3854, 0.1
3965, 0.100024
4234, 0.100024
4237, 0.100024
4242, 0.100024
1632, 0.105851
5776, 0.106481
2758, 0.107696
4386, 0.111318
524, 0.113494
3990, 0.122129
4008, 0.125
4010, 0.125
4856, 0.125
1742, 0.147821
5811, 0.149922
3951, 0.154018
3416, 0.159721
3405, 0.168845
5851, 0.175799
5794, 0.183879
5776, 0.192737
1631, 0.193377
2757, 0.195607
3963, 0.196473
5871, 0.197517
1954, 0.198176
2836, 0.198202
1950, 0.198849
3865, 0.200123
3949, 0.20446
3594, 0.205074
3958, 0.206564
287, 0.207749
1765, 0.207749
523, 0.20792
531, 0.20792
3960, 0.21142
3967, 0.21215
3626, 0.21262
4114, 0.216254
4121, 0.216254
3962, 0.216927
5135, 0.221602
5777, 0.222879
3966, 0.233729
1953, 0.236095
3961, 0.237053
5268, 0.238738
4377, 0.241858
2801, 0.24414
4856, 0.25
4858, 0.25
4112, 0.250232
5159, 0.252
4981, 0.252515
3964, 0.252793
5267, 0.253886
3947, 0.257713
2080, 0.259181
5135, 0.260556
5153, 0.260599
5159, 0.260599
4396, 0.26831
72, 0.270667
4221, 0.271084
4388, 0.271357
4385, 0.272376
5160, 0.272557
2763, 0.272916
3293, 0.274622
3578, 0.274801
2754, 0.276481
2250, 0.2831
5191, 0.283354
4157, 0.29078
737, 0.292204
4031, 0.295515
4602, 0.304695
905, 0.306918
5420, 0.308959
1629, 0.309634
5136, 0.309846
1335, 0.3125
4166, 0.313559
3352, 0.313897
5252, 0.314049
4970, 0.318546
1619, 0.321254
2265, 0.32634
4451, 0.333333
4859, 0.333333
5404, 0.333333
2578, 0.338733
4088, 0.338848
4173, 0.340206
35, 0.345761
823, 0.345761
907, 0.345761
909, 0.345761
910, 0.345761
912, 0.345761
913, 0.345761
915, 0.345761
917, 0.345761
919, 0.345761
920, 0.345761
3805, 0.349656
4411, 0.351459
4378, 0.352807
288, 0.3553
1767, 0.3553
4079, 0.356253
521, 0.356321
586, 0.356321
588, 0.356321
589, 0.356321
2827, 0.356321
2831, 0.356321
2835, 0.356321
2838, 0.356321
2840, 0.356321
2841, 0.356321
2842, 0.356321
2843, 0.356321
2864, 0.356321
2865, 0.356321
5770, 0.358903
5175, 0.360933
5617, 0.366869
2299, 0.368009
4791, 0.36876
1627, 0.369342
69, 0.370455
4090, 0.371794
4174, 0.371794
1733, 0.371836
4472, 0.374811
4618, 0.375
4108, 0.375638
5151, 0.377938
2796, 0.378205
4823, 0.379367
4860, 0.380829
5035, 0.381102
4871, 0.381453
5180, 0.381494
4965, 0.382615
5696, 0.383683
5348, 0.383862
3735, 0.384103
4877, 0.385341
4812, 0.385983
4932, 0.38872
2810, 0.392064
67, 0.392445
2227, 0.394823
3802, 0.395211
5602, 0.396043
4682, 0.396407
3945, 0.396842
4043, 0.398013
4212, 0.398923
1617, 0.403634
4037, 0.407029
4971, 0.407891
4176, 0.409836
4702, 0.415808
5002, 0.416666
4456, 0.417669
3863, 0.425513
3734, 0.431091
4604, 0.43131
3178, 0.433413
3146, 0.436214
2352, 0.43771
4073, 0.438467
4206, 0.440898
3834, 0.441743
5603, 0.442028
5688, 0.444689
1587, 0.444882
4390, 0.446871
5688, 0.447559
4032, 0.449165
3148, 0.449887
3340, 0.45513
3677, 0.455611
5483, 0.456349
2537, 0.459454
1097, 0.462008
1637, 0.462073
4933, 0.462176
1711, 0.464135
5105, 0.465731
4395, 0.465751
1729, 0.471649
5053, 0.474006
1133, 0.475974
5746, 0.47619
5152, 0.478199
3303, 0.478616
1714, 0.481053
5742, 0.481666
1721, 0.482345
5161, 0.483641
4983, 0.484076
5252, 0.484076
5672, 0.487067
3349, 0.487179
4138, 0.487301
2935, 0.490213
5154, 0.490886
1735, 0.491224
1725, 0.493373
4808, 0.494245
3634, 0.494571
1636, 0.49522
1139, 0.497218
1633, 0.499014
1443, 0.5
2146, 0.5
2266, 0.5
2603, 0.5
4583, 0.5
5290, 0.5
5308, 0.5
3819, 0.500828
28, 0.500913
3642, 0.503434
1732, 0.503436
4384, 0.503939
4719, 0.507103
3646, 0.507263
5864, 0.507462
2210, 0.507936
4984, 0.510517
4780, 0.514963
4034, 0.515068
2569, 0.516046
4135, 0.517562
713, 0.518955
1510, 0.519015
3841, 0.520741
3668, 0.520925
1589, 0.524207
1734, 0.526237
101, 0.526301
64, 0.52842
4444, 0.528513
3418, 0.529063
1638, 0.530411
5693, 0.530898
71, 0.534462
4248, 0.534464
5121, 0.534522
5576, 0.534818
5097, 0.535292
3629, 0.536901
1758, 0.537857
3836, 0.538896
1763, 0.544309
160, 0.545454
1044, 0.545454
1123, 0.545454
1124, 0.545454
1125, 0.545454
1126, 0.545454
1127, 0.545454
1128, 0.545454
2168, 0.545454
2332, 0.545454
2335, 0.545454
2338, 0.545454
2339, 0.545454
2340, 0.545454
2341, 0.545454
2342, 0.545454
2343, 0.545454
3312, 0.545454
1726, 0.545827
3274, 0.54613
4572, 0.54615
4223, 0.548506
4923, 0.549624
5798, 0.550185
289, 0.550458
5178, 0.551724
5377, 0.551981
4809, 0.552254
29, 0.554755
2500, 0.554755
1723, 0.554911
522, 0.555555
568, 0.555555
570, 0.555555
578, 0.555555
2799, 0.555555
2800, 0.555555
2801, 0.555555
2814, 0.555555
2822, 0.555555
4101, 0.556223
4702, 0.55761
51, 0.559782
5688, 0.561141
2402, 0.562412
2405, 0.562412
2408, 0.562412
2465, 0.562412
2469, 0.562412
2470, 0.562412
2473, 0.562412
2475, 0.562412
2476, 0.562412
2477, 0.562412
56, 0.563983
2114, 0.563983
4028, 0.564848
5617, 0.566106
2333, 0.566118
3022, 0.568263
1713, 0.569814
5084, 0.569977
1486, 0.571177
5178, 0.571428
5830, 0.573222
746, 0.573341
2499, 0.573364
4098, 0.574414
4876, 0.575571
1712, 0.576369
4792, 0.58108
2264, 0.581408
1595, 0.581812
5034, 0.581818
4043, 0.58191
1730, 0.58412
4811, 0.584733
1899, 0.5854
3977, 0.586058
4992, 0.589489
3840, 0.59001
5648, 0.590882
3527, 0.590909
3772, 0.590909
3800, 0.590909
4596, 0.590909
4599, 0.591624
60, 0.591739
1634, 0.591779
5509, 0.595112
4930, 0.596048
1279, 0.596728
1722, 0.598133
5348, 0.598237
5613, 0.598481
4282, 0.599258
3690, 0.599688
759, 0.6
899, 0.6
3744, 0.6
3745, 0.6
3746, 0.6
3755, 0.6
3756, 0.6
3757, 0.6
3758, 0.6
3759, 0.6
3760, 0.6
3761, 0.6
3762, 0.6
3763, 0.6
5402, 0.6
5403, 0.6
5404, 0.6
5783, 0.602136
4395, 0.604583
731, 0.604601
1279, 0.605472
1280, 0.605472
1728, 0.605497
2724, 0.608479
2238, 0.61187
3610, 0.61235
1626, 0.613848
4781, 0.614067
2533, 0.614239
5563, 0.617624
1737, 0.618552
1136, 0.621032
1369, 0.6225
4284, 0.622757
2308, 0.623375
68, 0.624075
786, 0.624228
30, 0.625
555, 0.625
556, 0.625
612, 0.625
647, 0.625
659, 0.625
664, 0.625
1291, 0.625
1294, 0.625
1295, 0.625
1296, 0.625
1297, 0.625
1298, 0.625
1299, 0.625
1300, 0.625
1301, 0.625
1302, 0.625
1303, 0.625
1304, 0.625
1305, 0.625
1307, 0.625
1308, 0.625
1311, 0.625
1312, 0.625
1313, 0.625
1314, 0.625
1315, 0.625
1316, 0.625
1317, 0.625
1318, 0.625
1319, 0.625
1321, 0.625
1322, 0.625
1323, 0.625
1324, 0.625
1325, 0.625
1335, 0.625
1336, 0.625
1337, 0.625
2505, 0.625
2909, 0.625
5271, 0.625
5321, 0.625
1904, 0.625013
1736, 0.625535
5104, 0.626942
3182, 0.629199
5143, 0.629199
5770, 0.629261
5110, 0.633397
2229, 0.636363
4111, 0.636812
2778, 0.637681
2876, 0.637681
3196, 0.637681
3831, 0.637681
4072, 0.637681
4455, 0.637681
2007, 0.638746
2797, 0.641664
1724, 0.64195
680, 0.642472
3031, 0.642472
94, 0.642857
96, 0.642857
1382, 0.642857
2388, 0.642857
2398, 0.642857
2528, 0.642857
2553, 0.642857
2661, 0.642857
2785, 0.642857
3806, 0.642857
3891, 0.642857
1488, 0.642963
1727, 0.643436
3411, 0.644783
462, 0.645161
3622, 0.645363
2102, 0.645923
684, 0.64797
3035, 0.64797
5635, 0.648648
681, 0.649663
3032, 0.649663
3970, 0.650288
3924, 0.652777
5527, 0.65294
5348, 0.653692
683, 0.653784
3034, 0.653784
5027, 0.654545
1843, 0.654963
5719, 0.656471
4286, 0.656676
4793, 0.657333
679, 0.657682
4035, 0.657781
5101, 0.657819
728, 0.659533
5134, 0.661515
1718, 0.661807
1630, 0.66264
7, 0.664213
172, 0.664213
778, 0.664213
2069, 0.664213
2253, 0.664213
2254, 0.664213
2255, 0.664213
2256, 0.664213
2257, 0.664213
2261, 0.664213
2262, 0.664213
2263, 0.664213
3883, 0.664213
4375, 0.664213
4588, 0.664213
4974, 0.664213
5239, 0.664213
6, 0.664481
1111, 0.664481
3940, 0.664623
4192, 0.665447
931, 0.666287
34, 0.666666
1096, 0.666666
1235, 0.666666
1349, 0.666666
2081, 0.666666
2455, 0.666666
2521, 0.666666
2550, 0.666666
2666, 0.666666
2779, 0.666666
2880, 0.666666
2895, 0.666666
3143, 0.666666
5302, 0.666666
5635, 0.666666
4813, 0.667389
4895, 0.667389
5573, 0.667389
978, 0.667694
685, 0.66965
3036, 0.66965
1991, 0.670064
5351, 0.670886
2337, 0.671905
2353, 0.672334
3298, 0.67244
5132, 0.673011
5, 0.673333
581, 0.673333
838, 0.673333
914, 0.673333
916, 0.673333
918, 0.673333
939, 0.673333
962, 0.673333
967, 0.673333
2075, 0.673333
2079, 0.673333
2082, 0.673333
2115, 0.673333
2116, 0.673333
2769, 0.673333
4228, 0.673333
4503, 0.673333
4907, 0.673333
5030, 0.673333
5128, 0.673333
5241, 0.673333
5277, 0.673333
5619, 0.673964
4881, 0.674655
4894, 0.674655
5613, 0.675738
5494, 0.676348
1593, 0.67708
5878, 0.678068
1717, 0.678305
3161, 0.679156
3162, 0.679156
3164, 0.679156
3166, 0.679156
3167, 0.679156
3168, 0.679156
3169, 0.679156
1281, 0.679182
676, 0.679777
1855, 0.681495
5648, 0.681804
960, 0.682919
5672, 0.685172
1947, 0.685539
1719, 0.68736
3976, 0.687748
929, 0.68819
5352, 0.68952
53, 0.689825
502, 0.689825
5079, 0.690241
5314, 0.690504
5813, 0.691439
5832, 0.691439
1715, 0.691808
675, 0.69212
2260, 0.692307
3281, 0.692413
1367, 0.693182
5130, 0.693663
2695, 0.694444
4957, 0.694446
5212, 0.694446
27, 0.694556
942, 0.694721
2097, 0.695417
5719, 0.696417
682, 0.697119
2006, 0.7
4281, 0.700566
542, 0.701114
539, 0.701308
2542, 0.702388
286, 0.703895
4637, 0.704127
454, 0.704545
2753, 0.704545
2759, 0.704545
2877, 0.704545
2275, 0.705014
2276, 0.705014
2277, 0.705014
2278, 0.705014
2279, 0.705014
2280, 0.705014
2281, 0.705014
2282, 0.705014
2283, 0.705014
2284, 0.705014
2285, 0.705014
2286, 0.705014
2287, 0.705014
2288, 0.705014
2289, 0.705014
2290, 0.705014
2291, 0.705014
2292, 0.705014
2293, 0.705014
2294, 0.705014
2299, 0.705014
2300, 0.705014
2301, 0.705014
1014, 0.705063
4874, 0.706622
2829, 0.707317
4415, 0.707317
688, 0.709406
3039, 0.709406
2543, 0.709742
4383, 0.710425
687, 0.710767
3038, 0.710767
5447, 0.711111
61, 0.711113
1903, 0.711472
1716, 0.712757
537, 0.713037
2000, 0.714285
2005, 0.714285
2331, 0.714285
2886, 0.714285
2891, 0.714285
2893, 0.714285
5799, 0.714771
976, 0.715635
2761, 0.716748
3954, 0.717017
1720, 0.717641
43, 0.717994
3113, 0.719047
3682, 0.719532
1854, 0.719923
957, 0.720165
4060, 0.721166
5819, 0.721726
4322, 0.722222
4492, 0.722222
5360, 0.722222
5805, 0.723097
4960, 0.723481
2098, 0.72388
1901, 0.724477
3562, 0.726531
5276, 0.727272
4906, 0.728168
686, 0.728845
3037, 0.728845
2714, 0.730233
5121, 0.731212
5053, 0.731855
1971, 0.733528
5444, 0.734125
2367, 0.734502
2400, 0.734502
4526, 0.734502
4527, 0.734502
4528, 0.734502
4529, 0.734502
4530, 0.734502
4531, 0.734502
4532, 0.734502
4533, 0.734502
4345, 0.734645
4411, 0.73512
2121, 0.736263
5737, 0.736506
2225, 0.736842
2267, 0.736842
3345, 0.737752
2928, 0.737862
2090, 0.738461
1492, 0.738663
2215, 0.739445
2109, 0.74
5613, 0.740558
3546, 0.744574
3638, 0.744574
65, 0.744597
5672, 0.744703
5106, 0.744798
678, 0.745779
5103, 0.746037
2410, 0.746221
689, 0.746656
3040, 0.746656
105, 0.748929
107, 0.748929
98, 0.75
566, 0.75
613, 0.75
630, 0.75
674, 0.75
691, 0.75
1229, 0.75
1481, 0.75
2125, 0.75
2166, 0.75
2189, 0.75
2206, 0.75
2355, 0.75
2404, 0.75
2496, 0.75
2509, 0.75
2522, 0.75
2524, 0.75
2525, 0.75
2566, 0.75
2567, 0.75
2669, 0.75
2710, 0.75
2719, 0.75
2845, 0.75
2846, 0.75
2847, 0.75
2848, 0.75
2849, 0.75
2853, 0.75
2857, 0.75
2860, 0.75
2862, 0.75
2882, 0.75
3130, 0.75
3138, 0.75
3139, 0.75
3141, 0.75
3142, 0.75
3152, 0.75
3153, 0.75
3154, 0.75
3155, 0.75
3157, 0.75
3160, 0.75
3176, 0.75
3197, 0.75
3201, 0.75
3362, 0.75
3607, 0.75
3788, 0.75
3795, 0.75
3804, 0.75
3807, 0.75
3812, 0.75
3822, 0.75
3828, 0.75
3832, 0.75
3833, 0.75
3835, 0.75
3838, 0.75
3848, 0.75
3884, 0.75
3904, 0.75
3948, 0.75
4163, 0.75
4453, 0.75
4574, 0.75
4577, 0.75
4603, 0.75
4606, 0.75
4607, 0.75
4609, 0.75
4611, 0.75
4612, 0.75
4613, 0.75
4656, 0.75
4657, 0.75
4660, 0.75
4663, 0.75
4665, 0.75
4667, 0.75
4670, 0.75
4682, 0.75
4713, 0.75
4720, 0.75
5038, 0.75
5042, 0.75
5044, 0.75
5742, 0.75
5745, 0.75
5883, 0.75
3943, 0.751224
4926, 0.755309
5142, 0.756218
290, 0.756756
1771, 0.756756
2621, 0.756756
3304, 0.756756
2883, 0.76
2271, 0.760237
3565, 0.760256
4981, 0.76245
4986, 0.76245
3569, 0.76282
3571, 0.76282
3867, 0.763283
2695, 0.763358
730, 0.763754
911, 0.764078
93, 0.765306
1154, 0.765368
4927, 0.765394
2120, 0.765402
5654, 0.765625
4567, 0.766666
44, 0.768097
3567, 0.768589
5578, 0.768693
721, 0.769098
4033, 0.769132
5097, 0.769153
2230, 0.76923
2731, 0.76923
3563, 0.76923
3566, 0.76923
3568, 0.76923
3570, 0.76923
2824, 0.770491
2839, 0.770491
2844, 0.770491
2868, 0.770491
5610, 0.770491
3409, 0.770833
1977, 0.771464
5546, 0.773242
5377, 0.773249
3846, 0.773794
92, 0.774193
5055, 0.774833
3386, 0.774969
4422, 0.775641
5335, 0.775787
2903, 0.77611
99, 0.776397
15, 0.776649
1768, 0.776649
3876, 0.776649
489, 0.777777
503, 0.777777
508, 0.777777
509, 0.777777
510, 0.777777
517, 0.777777
518, 0.777777
1165, 0.777777
2552, 0.777777
5644, 0.777777
3874, 0.779173
2413, 0.77937
2866, 0.779866
5316, 0.779866
3857, 0.780499
5084, 0.781518
5603, 0.782051
2356, 0.782273
2399, 0.782273
5483, 0.782312
5484, 0.782312
5485, 0.782312
31, 0.782608
3681, 0.782744
2123, 0.783333
2418, 0.783511
1596, 0.784883
1842, 0.785714
3101, 0.785714
5602, 0.786514
2919, 0.787158
934, 0.787257
952, 0.787257
954, 0.787257
970, 0.787257
972, 0.787257
981, 0.787257
50, 0.787471
585, 0.787471
1157, 0.787671
2874, 0.787692
3871, 0.788709
66, 0.789366
494, 0.789473
3417, 0.789473
1997, 0.790697
4382, 0.790697
1987, 0.791132
1597, 0.791219
5068, 0.792094
5378, 0.79221
739, 0.79264
4275, 0.794181
5580, 0.794295
5379, 0.794345
4414, 0.794562
3184, 0.794786
3373, 0.794786
3374, 0.794786
3376, 0.794786
3377, 0.794786
3379, 0.794786
3381, 0.794786
3382, 0.794786
3384, 0.794786
3385, 0.794786
3387, 0.794786
3388, 0.794786
3389, 0.794786
3390, 0.794786
3391, 0.794786
5602, 0.794786
5604, 0.794786
5605, 0.794786
2721, 0.794809
1160, 0.79482
1406, 0.795632
2420, 0.797132
3813, 0.798433
1834, 0.798503
2074, 0.8
2217, 0.8
2240, 0.8
2241, 0.8
2403, 0.8
2513, 0.8
2514, 0.8
2515, 0.8
2516, 0.8
2535, 0.8
2733, 0.8
2734, 0.8
2735, 0.8
2736, 0.8
2737, 0.8
2738, 0.8
2739, 0.8
2741, 0.8
2742, 0.8
2743, 0.8
2744, 0.8
2745, 0.8
2746, 0.8
2747, 0.8
2749, 0.8
2794, 0.8
3144, 0.8
4381, 0.8
5781, 0.802663
13, 0.803157
2245, 0.803157
3188, 0.803801
2106, 0.804121
2501, 0.804436
5874, 0.804747
2092, 0.805555
3348, 0.807176
2519, 0.808095
2561, 0.808095
3023, 0.808095
32, 0.809523
794, 0.809523
1020, 0.809523
1021, 0.809523
1022, 0.809523
1023, 0.809523
1024, 0.809523
1025, 0.809523
1026, 0.809523
1027, 0.809523
1028, 0.809523
1029, 0.809523
1030, 0.809523
1031, 0.809523
2625, 0.809523
2626, 0.809523
2627, 0.809523
2629, 0.809523
2630, 0.809523
2631, 0.809523
3576, 0.809523
91, 0.810344
2861, 0.81081
4410, 0.81081
5617, 0.810924
3581, 0.810954
5780, 0.8111
5671, 0.811383
4684, 0.812297
908, 0.81245
1148, 0.8125
5685, 0.812819
3347, 0.813173
2354, 0.813206
5879, 0.813252
3177, 0.813253
1943, 0.813456
2730, 0.813601
2498, 0.813797
1972, 0.814675
949, 0.815215
2925, 0.816795
191, 0.817749
3917, 0.818142
26, 0.818181
328, 0.818181
2003, 0.818181
2888, 0.818181
1163, 0.818681
2119, 0.819079
1115, 0.819187
3624, 0.819973
4240, 0.821812
3156, 0.822058
2113, 0.822101
4972, 0.822492
926, 0.823068
936, 0.823068
2414, 0.823529
2668, 0.823529
2777, 0.823529
2966, 0.823529
3180, 0.823529
3404, 0.823529
4030, 0.824202
3402, 0.824247
1999, 0.825358
2111, 0.826498
4829, 0.82699
2236, 0.827067
2468, 0.827067
2474, 0.827067
2616, 0.827067
2619, 0.827067
2786, 0.827067
2789, 0.827067
3286, 0.827067
3595, 0.827067
4210, 0.827067
4347, 0.827067
4348, 0.827067
4349, 0.827067
4350, 0.827067
4351, 0.827067
4352, 0.827067
4353, 0.827067
4354, 0.827067
4356, 0.827067
1670, 0.827586
2924, 0.827788
63, 0.828172
3625, 0.828375
1170, 0.828571
1232, 0.828571
1242, 0.828571
1243, 0.828571
1244, 0.828571
1601, 0.8289
2105, 0.829074
1984, 0.829761
2107, 0.83005
3297, 0.83005
4595, 0.83005
4597, 0.83005
4598, 0.83005
4600, 0.83005
1239, 0.830404
1621, 0.832515
2104, 0.832654
4800, 0.832849
690, 0.833018
187, 0.833333
190, 0.833333
221, 0.833333
706, 0.833333
711, 0.833333
727, 0.833333
1091, 0.833333
1141, 0.833333
1167, 0.833333
1238, 0.833333
1370, 0.833333
1390, 0.833333
1395, 0.833333
1831, 0.833333
1840, 0.833333
1853, 0.833333
1902, 0.833333
2072, 0.833333
2129, 0.833333
2231, 0.833333
2232, 0.833333
2233, 0.833333
2234, 0.833333
2507, 0.833333
2508, 0.833333
3608, 0.833333
4059, 0.833333
4360, 0.833333
4389, 0.833333
4576, 0.833333
4920, 0.833333
4987, 0.833333
4990, 0.833333
4994, 0.833333
4995, 0.833333
4996, 0.833333
4997, 0.833333
5002, 0.833333
5003, 0.833333
5004, 0.833333
5321, 0.833333
5322, 0.833333
5323, 0.833333
5598, 0.833333
2087, 0.833641
762, 0.833762
5045, 0.834631
1628, 0.834961
4704, 0.835403
1938, 0.835522
5420, 0.836121
5421, 0.836121
748, 0.836499
2130, 0.836805
744, 0.83784
3396, 0.838012
5174, 0.838158
46, 0.838368
1527, 0.838582
5620, 0.838626
2110, 0.839416
3952, 0.840302
1590, 0.840629
4077, 0.841269
3637, 0.841665
19, 0.842105
3179, 0.842105
3767, 0.842105
3866, 0.842105
3885, 0.842105
5824, 0.842105
5719, 0.842139
21, 0.843137
1241, 0.843137
2118, 0.843137
2816, 0.843137
2817, 0.843137
2818, 0.843137
2819, 0.843137
3249, 0.843153
87, 0.84375
5054, 0.844042
1079, 0.844155
1906, 0.844155
2095, 0.844827
89, 0.846153
97, 0.846153
2196, 0.846153
3824, 0.846153
3641, 0.846286
3850, 0.84713
1376, 0.847457
2357, 0.847457
2358, 0.847457
2359, 0.847457
2673, 0.847457
2674, 0.847457
2675, 0.847457
2676, 0.847457
2678, 0.847457
2680, 0.847457
2681, 0.847457
2682, 0.847457
2683, 0.847457
2684, 0.847457
2685, 0.847457
2686, 0.847457
2687, 0.847457
2688, 0.847457
2690, 0.847457
2696, 0.847457
2697, 0.847457
4638, 0.847457
5102, 0.847644
965, 0.848993
1649, 0.849183
5036, 0.849812
2226, 0.85
2774, 0.85
5723, 0.85
4794, 0.850626
4608, 0.852718
3632, 0.853516
1095, 0.853658
3862, 0.854401
90, 0.855769
4029, 0.856153
1588, 0.856191
25, 0.857142
86, 0.857142
95, 0.857142
1077, 0.857142
1402, 0.857142
1403, 0.857142
1404, 0.857142
1405, 0.857142
1407, 0.857142
2054, 0.857142
2330, 0.857142
2504, 0.857142
2523, 0.857142
2526, 0.857142
2527, 0.857142
2530, 0.857142
2617, 0.857142
2706, 0.857142
2718, 0.857142
2772, 0.857142
2773, 0.857142
3104, 0.857142
3579, 0.857142
5119, 0.857142
5120, 0.857142
5635, 0.857142
5637, 0.857142
379, 0.85759
4468, 0.857647
2968, 0.858332
1635, 0.859083
3683, 0.859237
14, 0.85934
606, 0.85934
2228, 0.85934
2244, 0.85934
4095, 0.859813
1592, 0.860065
2122, 0.860465
58, 0.861193
847, 0.861193
3829, 0.861234
734, 0.861479
5236, 0.861723
538, 0.862423
3859, 0.862423
2926, 0.86244
2124, 0.862453
5786, 0.862623
5495, 0.862957
1159, 0.863636
4674, 0.864077
722, 0.86519
3194, 0.865932
5039, 0.865932
5071, 0.865932
1067, 0.865968
1083, 0.866666
1451, 0.866666
1452, 0.866666
1455, 0.866666
1457, 0.866666
1459, 0.866666
1462, 0.866666
1464, 0.866666
1465, 0.866666
1466, 0.866666
1467, 0.866666
1468, 0.866666
1469, 0.866666
1471, 0.866666
1472, 0.866666
1473, 0.866666
1474, 0.866666
1475, 0.866666
1476, 0.866666
1477, 0.866666
1479, 0.866666
2004, 0.866666
2068, 0.866666
2628, 0.866666
2662, 0.866666
4320, 0.866666
4321, 0.866666
4322, 0.866666
4327, 0.866666
4328, 0.866666
4329, 0.866666
4330, 0.866666
4331, 0.866666
4332, 0.866666
4333, 0.866666
4334, 0.866666
4335, 0.866666
4481, 0.866666
4482, 0.866666
4483, 0.866666
4484, 0.866666
4485, 0.866666
4486, 0.866666
4487, 0.866666
4492, 0.866666
4493, 0.866666
4494, 0.866666
4586, 0.866666
5031, 0.866666
5040, 0.866666
5188, 0.866666
5360, 0.866666
5361, 0.866666
5362, 0.866666
5887, 0.866666
5782, 0.867106
3636, 0.867274
3639, 0.867323
3647, 0.867422
5420, 0.868726
5422, 0.868726
4706, 0.868932
2138, 0.869369
1941, 0.869444
20, 0.869918
5833, 0.869918
4046, 0.870086
3272, 0.870935
4026, 0.871857
3955, 0.872022
4719, 0.873271
16, 0.873797
1766, 0.873797
3869, 0.873797
5046, 0.873826
4687, 0.873893
1933, 0.874551
1082, 0.874574
285, 0.874645
293, 0.874645
770, 0.875
1743, 0.875
2088, 0.875
2200, 0.875
2750, 0.875
4379, 0.875
5636, 0.8766
3972, 0.876988
1110, 0.877641
2093, 0.878594
3294, 0.878778
1237, 0.878914
4294, 0.879017
3984, 0.879491
22, 0.879629
1169, 0.880095
3369, 0.880644
2002, 0.880706
5244, 0.881073
3344, 0.881596
1966, 0.88246
5737, 0.882724
5607, 0.88304
4722, 0.883265
906, 0.883557
729, 0.883585
3189, 0.883942
2672, 0.884214
4696, 0.884332
2715, 0.884571
1409, 0.885031
1109, 0.885465
5640, 0.885965
4832, 0.886176
4893, 0.886176
4454, 0.886336
5494, 0.886953
1973, 0.887576
33, 0.888888
1608, 0.888888
1609, 0.888888
2713, 0.888888
3271, 0.888888
4397, 0.888888
5816, 0.888888
726, 0.889075
2922, 0.889308
4724, 0.889879
1982, 0.890133
4774, 0.890273
1616, 0.890335
3986, 0.890872
1963, 0.89093
294, 0.890933
1453, 0.891083
381, 0.891199
2762, 0.891472
5615, 0.891558
4038, 0.891759
1140, 0.892525
2209, 0.892857
4295, 0.892857
4336, 0.892857
4337, 0.892857
4364, 0.892857
4372, 0.892857
4409, 0.892857
4476, 0.892857
4570, 0.892857
4601, 0.892857
4708, 0.892857
5746, 0.892857
5797, 0.892857
5857, 0.892857
4912, 0.893612
2208, 0.894227
712, 0.89489
2935, 0.895934
4645, 0.89706
3181, 0.897435
3403, 0.897435
2548, 0.897832
3973, 0.898
754, 0.89843
1249, 0.89843
1250, 0.89843
1252, 0.89843
1253, 0.89843
1254, 0.89843
1255, 0.89843
1256, 0.89843
1257, 0.89843
1258, 0.89843
1259, 0.89843
1260, 0.89843
1261, 0.89843
1262, 0.89843
1263, 0.89843
1264, 0.89843
1265, 0.89843
1266, 0.89843
1267, 0.89843
1269, 0.89843
1270, 0.89843
1271, 0.89843
1272, 0.89843
1273, 0.89843
1274, 0.89843
292, 0.898476
1598, 0.898653
1959, 0.898925
788, 0.899001
1623, 0.9
2712, 0.9
2764, 0.9
2885, 0.9
2896, 0.9
2898, 0.9
4370, 0.9
4573, 0.9
5189, 0.9
1408, 0.900775
5648, 0.900935
2917, 0.900963
1107, 0.9016
1240, 0.901749
54, 0.90177
846, 0.901875
1989, 0.902018
2126, 0.903587
4988, 0.904202
23, 0.905045
519, 0.905045
85, 0.90566
2466, 0.90566
2467, 0.90566
2872, 0.90566
1460, 0.905859
3691, 0.906055
3953, 0.906389
4285, 0.906444
1129, 0.906827
2091, 0.906832
3145, 0.907407
4401, 0.907407
5654, 0.907407
2969, 0.908522
5139, 0.908583
520, 0.908641
535, 0.908641
357, 0.90909
757, 0.90909
784, 0.90909
855, 0.90909
856, 0.90909
857, 0.90909
858, 0.90909
859, 0.90909
860, 0.90909
861, 0.90909
877, 0.90909
878, 0.90909
3587, 0.90909
4070, 0.90909
4459, 0.90909
4916, 0.90909
5070, 0.90909
5264, 0.90909
5340, 0.90909
2911, 0.910963
4639, 0.911306
3981, 0.911409
5509, 0.911411
5510, 0.911411
5512, 0.911411
4252, 0.911702
2921, 0.912235
376, 0.913101
5614, 0.913744
732, 0.91385
4105, 0.915234
724, 0.915444
3072, 0.915662
3380, 0.916041
5240, 0.916044
2482, 0.916666
3140, 0.916666
4578, 0.916666
4165, 0.916997
2915, 0.917484
47, 0.917502
1093, 0.917502
1201, 0.917502
3151, 0.917993
4928, 0.917993
1983, 0.918367
59, 0.919093
4904, 0.919264
52, 0.919703
1470, 0.92
921, 0.920358
924, 0.920358
1586, 0.920493
2916, 0.920937
5444, 0.920972
1952, 0.921679
3400, 0.922492
3375, 0.922536
4474, 0.922557
42, 0.92258
791, 0.92258
832, 0.92258
2539, 0.92258
2579, 0.92258
2897, 0.92258
3830, 0.92258
5085, 0.922761
716, 0.922876
291, 0.923076
1585, 0.923076
1875, 0.923439
5737, 0.923691
3356, 0.923812
5043, 0.924407
3925, 0.924528
1949, 0.924635
18, 0.925079
1478, 0.925079
1762, 0.925079
2936, 0.925079
5527, 0.925079
366, 0.92623
5259, 0.92657
4584, 0.926819
82, 0.926833
4262, 0.926833
4810, 0.926833
1600, 0.927208
4652, 0.92732
1885, 0.927738
1605, 0.928571
57, 0.929008
382, 0.929284
88, 0.929824
1945, 0.930063
1942, 0.930089
1591, 0.931513
3873, 0.932595
2103, 0.93296
1234, 0.933468
2910, 0.933524
3996, 0.933962
3583, 0.934004
1744, 0.935515
4815, 0.935848
944, 0.936348
369, 0.936573
5230, 0.937205
368, 0.937256
24, 0.9375
3706, 0.9375
3707, 0.9375
3708, 0.9375
3709, 0.9375
3710, 0.9375
3711, 0.9375
3712, 0.9375
3713, 0.9375
3714, 0.9375
3715, 0.9375
3716, 0.9375
3718, 0.9375
3724, 0.9375
3725, 0.9375
3726, 0.9375
3346, 0.937575
2920, 0.937906
1131, 0.938018
1533, 0.938018
1536, 0.938018
1539, 0.938018
1540, 0.938018
1542, 0.938018
1544, 0.938018
1545, 0.938018
1546, 0.938018
1547, 0.938018
1549, 0.938018
1550, 0.938018
1552, 0.938018
1553, 0.938018
1554, 0.938018
1555, 0.938018
1557, 0.938018
1559, 0.938018
1561, 0.938018
1562, 0.938018
1564, 0.938018
1565, 0.938018
4590, 0.938018
4591, 0.938018
4592, 0.938018
4593, 0.938018
4955, 0.938018
4956, 0.938018
4957, 0.938018
4963, 0.938018
4964, 0.938018
4966, 0.938018
4967, 0.938018
4968, 0.938018
5209, 0.938018
5210, 0.938018
5212, 0.938018
5222, 0.938018
5224, 0.938018
4790, 0.938137
714, 0.938253
4439, 0.940961
4919, 0.941176
5017, 0.941176
5018, 0.941176
5020, 0.941176
5341, 0.941176
2711, 0.941965
3604, 0.942206
4931, 0.942317
4387, 0.942838
904, 0.944444
5444, 0.945023
2071, 0.945489
2807, 0.945489
3024, 0.945489
3106, 0.945489
45, 0.946383
1832, 0.946428
4287, 0.946428
2914, 0.946503
367, 0.946651
4924, 0.947368
5019, 0.947368
1956, 0.947764
743, 0.948151
947, 0.948808
2620, 0.949083
5032, 0.949601
84, 0.95
17, 0.95031
1764, 0.95031
1844, 0.95031
1742, 0.951855
55, 0.952041
582, 0.952041
4818, 0.952205
5179, 0.952414
2788, 0.953838
100, 0.954545
3584, 0.954545
3860, 0.954545
4408, 0.954545
5838, 0.954545
1960, 0.954585
2546, 0.95488
2912, 0.955941
1979, 0.957687
2544, 0.957756
1489, 0.958027
2913, 0.959484
4679, 0.959679
4291, 0.959939
3223, 0.960477
2875, 0.960926
3956, 0.961507
2751, 0.961538
2755, 0.961538
2900, 0.961538
5190, 0.961538
4830, 0.962363
540, 0.963428
4398, 0.963663
48, 0.963672
1760, 0.96422
5856, 0.96422
83, 0.965116
1396, 0.965116
1397, 0.965116
1398, 0.965116
1400, 0.965116
2948, 0.966249
2205, 0.967263
4788, 0.967318
4044, 0.967775
70, 0.968792
4822, 0.968857
3366, 0.969741
5576, 0.96999
4820, 0.970925
498, 0.971372
4475, 0.971487
5774, 0.972318
4172, 0.972909
3959, 0.973359
1162, 0.973565
62, 0.973696
719, 0.973955
4977, 0.97455
1980, 0.975413
1490, 0.976227
375, 0.976281
741, 0.976359
3378, 0.9766
374, 0.979045
4829, 0.980114
614, 0.980676
1594, 0.981413
3399, 0.982059
3401, 0.982059
4340, 0.9823
1958, 0.982868
1368, 0.983254
5789, 0.983606
1073, 0.984513
1098, 0.984513
499, 0.984615
5445, 0.984615
1599, 0.986044
1965, 0.986395
3957, 0.986613
3406, 0.986723
2545, 0.987604
3372, 0.987633
371, 0.988085
78, 0.988117
715, 0.98821
5232, 0.988235
4913, 0.988515
536, 0.988825
4821, 0.98883
372, 0.988837
4816, 0.98885
2918, 0.989914
543, 0.990575
2541, 0.990976
4909, 0.992393
1485, 0.992453
4817, 0.992529
4833, 0.992709
5114, 0.993105
5118, 0.993105
4819, 0.993444
3528, 0.993898
4293, 0.994876
4651, 0.99635
3580, 0.996603
1090, 0.997118
3397, 0.997471
192, 0.997486
194, 0.997523
196, 0.997581
198, 0.99765
200, 0.997723
5111, 0.997723
5116, 0.997723
202, 0.997797
204, 0.997871
206, 0.997942
208, 0.998011
1394, 0.998059
1414, 0.998059
1417, 0.998059
1418, 0.998059
1419, 0.998059
1420, 0.998059
1422, 0.998059
1423, 0.998059
1425, 0.998059
1426, 0.998059
1427, 0.998059
1428, 0.998059
1429, 0.998059
1431, 0.998059
1432, 0.998059
1433, 0.998059
1434, 0.998059
1437, 0.998059
1440, 0.998059
1442, 0.998059
1444, 0.998059
1445, 0.998059
1446, 0.998059
1447, 0.998059
1448, 0.998059
1449, 0.998059
1450, 0.998059
1461, 0.998059
213, 0.99814
215, 0.9982
217, 0.998257
219, 0.99831
541, 0.99889
5496, 0.999036
5565, 0.999082
3371, 0.999514
3383, 0.999913
4290, 0.99997
302, 0.999999
344, 0.999999
356, 0.999999
358, 0.999999
359, 0.999999
360, 0.999999
361, 0.999999
365, 0.999999
1, 1.0
2, 1.0
3, 1.0
4, 1.0
8, 1.0
9, 1.0
10, 1.0
11, 1.0
12, 1.0
36, 1.0
37, 1.0
38, 1.0
39, 1.0
40, 1.0
41, 1.0
49, 1.0
73, 1.0
74, 1.0
75, 1.0
76, 1.0
77, 1.0
79, 1.0
80, 1.0
81, 1.0
103, 1.0
155, 1.0
156, 1.0
157, 1.0
158, 1.0
159, 1.0
173, 1.0
175, 1.0
178, 1.0
179, 1.0
181, 1.0
183, 1.0
184, 1.0
299, 1.0
300, 1.0
301, 1.0
303, 1.0
304, 1.0
305, 1.0
306, 1.0
307, 1.0
308, 1.0
309, 1.0
310, 1.0
311, 1.0
312, 1.0
313, 1.0
314, 1.0
315, 1.0
316, 1.0
317, 1.0
318, 1.0
319, 1.0
320, 1.0
321, 1.0
322, 1.0
323, 1.0
325, 1.0
326, 1.0
327, 1.0
329, 1.0
330, 1.0
331, 1.0
334, 1.0
339, 1.0
340, 1.0
341, 1.0
457, 1.0
459, 1.0
490, 1.0
491, 1.0
506, 1.0
512, 1.0
513, 1.0
514, 1.0
515, 1.0
525, 1.0
526, 1.0
527, 1.0
528, 1.0
529, 1.0
530, 1.0
532, 1.0
533, 1.0
567, 1.0
569, 1.0
575, 1.0
579, 1.0
583, 1.0
584, 1.0
600, 1.0
611, 1.0
658, 1.0
665, 1.0
705, 1.0
710, 1.0
717, 1.0
720, 1.0
723, 1.0
733, 1.0
735, 1.0
736, 1.0
738, 1.0
740, 1.0
742, 1.0
745, 1.0
747, 1.0
750, 1.0
773, 1.0
776, 1.0
779, 1.0
783, 1.0
787, 1.0
793, 1.0
845, 1.0
851, 1.0
900, 1.0
901, 1.0
902, 1.0
903, 1.0
975, 1.0
986, 1.0
987, 1.0
988, 1.0
994, 1.0
998, 1.0
999, 1.0
1000, 1.0
1001, 1.0
1004, 1.0
1005, 1.0
1006, 1.0
1007, 1.0
1008, 1.0
1018, 1.0
1019, 1.0
1068, 1.0
1071, 1.0
1074, 1.0
1075, 1.0
1076, 1.0
1080, 1.0
1085, 1.0
1094, 1.0
1099, 1.0
1104, 1.0
1106, 1.0
1118, 1.0
1130, 1.0
1132, 1.0
1138, 1.0
1144, 1.0
1145, 1.0
1146, 1.0
1149, 1.0
1150, 1.0
1151, 1.0
1152, 1.0
1155, 1.0
1156, 1.0
1158, 1.0
1161, 1.0
1164, 1.0
1166, 1.0
1168, 1.0
1171, 1.0
1173, 1.0
1178, 1.0
1179, 1.0
1180, 1.0
1181, 1.0
1186, 1.0
1190, 1.0
1195, 1.0
1200, 1.0
1231, 1.0
1247, 1.0
1352, 1.0
1361, 1.0
1366, 1.0
1371, 1.0
1372, 1.0
1373, 1.0
1374, 1.0
1375, 1.0
1377, 1.0
1378, 1.0
1383, 1.0
1384, 1.0
1385, 1.0
1386, 1.0
1387, 1.0
1389, 1.0
1391, 1.0
1392, 1.0
1410, 1.0
1411, 1.0
1412, 1.0
1435, 1.0
1443, 1.0
1522, 1.0
1558, 1.0
1567, 1.0
1570, 1.0
1603, 1.0
1606, 1.0
1607, 1.0
1610, 1.0
1611, 1.0
1612, 1.0
1624, 1.0
1625, 1.0
1639, 1.0
1640, 1.0
1641, 1.0
1642, 1.0
1643, 1.0
1644, 1.0
1645, 1.0
1646, 1.0
1647, 1.0
1648, 1.0
1650, 1.0
1652, 1.0
1653, 1.0
1654, 1.0
1655, 1.0
1656, 1.0
1657, 1.0
1658, 1.0
1659, 1.0
1660, 1.0
1661, 1.0
1662, 1.0
1663, 1.0
1664, 1.0
1665, 1.0
1687, 1.0
1689, 1.0
1696, 1.0
1705, 1.0
1731, 1.0
1745, 1.0
1755, 1.0
1757, 1.0
1759, 1.0
1761, 1.0
1769, 1.0
1775, 1.0
1776, 1.0
1777, 1.0
1778, 1.0
1779, 1.0
1780, 1.0
1781, 1.0
1782, 1.0
1783, 1.0
1784, 1.0
1790, 1.0
1829, 1.0
1833, 1.0
1845, 1.0
1847, 1.0
1848, 1.0
1907, 1.0
2025, 1.0
2026, 1.0
2027, 1.0
2028, 1.0
2029, 1.0
2030, 1.0
2031, 1.0
2032, 1.0
2033, 1.0
2034, 1.0
2035, 1.0
2036, 1.0
2044, 1.0
2045, 1.0
2046, 1.0
2047, 1.0
2048, 1.0
2049, 1.0
2054, 1.0
2055, 1.0
2056, 1.0
2065, 1.0
2067, 1.0
2070, 1.0
2084, 1.0
2094, 1.0
2108, 1.0
2112, 1.0
2117, 1.0
2127, 1.0
2147, 1.0
2148, 1.0
2175, 1.0
2186, 1.0
2187, 1.0
2188, 1.0
2191, 1.0
2193, 1.0
2194, 1.0
2195, 1.0
2197, 1.0
2201, 1.0
2204, 1.0
2216, 1.0
2218, 1.0
2219, 1.0
2235, 1.0
2237, 1.0
2247, 1.0
2251, 1.0
2268, 1.0
2272, 1.0
2274, 1.0
2311, 1.0
2317, 1.0
2318, 1.0
2320, 1.0
2322, 1.0
2323, 1.0
2324, 1.0
2325, 1.0
2326, 1.0
2327, 1.0
2334, 1.0
2385, 1.0
2386, 1.0
2387, 1.0
2389, 1.0
2390, 1.0
2391, 1.0
2392, 1.0
2393, 1.0
2395, 1.0
2396, 1.0
2397, 1.0
2407, 1.0
2409, 1.0
2412, 1.0
2415, 1.0
2421, 1.0
2424, 1.0
2425, 1.0
2426, 1.0
2427, 1.0
2428, 1.0
2429, 1.0
2430, 1.0
2431, 1.0
2432, 1.0
2433, 1.0
2434, 1.0
2435, 1.0
2436, 1.0
2437, 1.0
2438, 1.0
2439, 1.0
2440, 1.0
2441, 1.0
2442, 1.0
2443, 1.0
2484, 1.0
2485, 1.0
2486, 1.0
2488, 1.0
2489, 1.0
2490, 1.0
2491, 1.0
2492, 1.0
2494, 1.0
2502, 1.0
2531, 1.0
2534, 1.0
2538, 1.0
2540, 1.0
2549, 1.0
2551, 1.0
2554, 1.0
2556, 1.0
2570, 1.0
2573, 1.0
2576, 1.0
2580, 1.0
2581, 1.0
2582, 1.0
2583, 1.0
2584, 1.0
2585, 1.0
2586, 1.0
2587, 1.0
2588, 1.0
2589, 1.0
2590, 1.0
2591, 1.0
2592, 1.0
2593, 1.0
2594, 1.0
2595, 1.0
2596, 1.0
2597, 1.0
2598, 1.0
2603, 1.0
2604, 1.0
2605, 1.0
2615, 1.0
2618, 1.0
2623, 1.0
2624, 1.0
2663, 1.0
2670, 1.0
2671, 1.0
2709, 1.0
2716, 1.0
2717, 1.0
2720, 1.0
2723, 1.0
2726, 1.0
2740, 1.0
2752, 1.0
2760, 1.0
2766, 1.0
2767, 1.0
2768, 1.0
2770, 1.0
2771, 1.0
2780, 1.0
2782, 1.0
2784, 1.0
2791, 1.0
2802, 1.0
2803, 1.0
2805, 1.0
2813, 1.0
2815, 1.0
2820, 1.0
2821, 1.0
2825, 1.0
2826, 1.0
2828, 1.0
2830, 1.0
2832, 1.0
2834, 1.0
2878, 1.0
2887, 1.0
2894, 1.0
2901, 1.0
2937, 1.0
2967, 1.0
2972, 1.0
2997, 1.0
2998, 1.0
3020, 1.0
3043, 1.0
3071, 1.0
3083, 1.0
3088, 1.0
3103, 1.0
3190, 1.0
3191, 1.0
3192, 1.0
3195, 1.0
3198, 1.0
3205, 1.0
3220, 1.0
3229, 1.0
3247, 1.0
3265, 1.0
3273, 1.0
3276, 1.0
3277, 1.0
3278, 1.0
3280, 1.0
3288, 1.0
3290, 1.0
3291, 1.0
3322, 1.0
3350, 1.0
3367, 1.0
3370, 1.0
3407, 1.0
3455, 1.0
3484, 1.0
3506, 1.0
3521, 1.0
3539, 1.0
3540, 1.0
3552, 1.0
3561, 1.0
3577, 1.0
3588, 1.0
3664, 1.0
3717, 1.0
3740, 1.0
3748, 1.0
3766, 1.0
3768, 1.0
3770, 1.0
3771, 1.0
3773, 1.0
3774, 1.0
3780, 1.0
3784, 1.0
3810, 1.0
3811, 1.0
3814, 1.0
3826, 1.0
3839, 1.0
3843, 1.0
3845, 1.0
3888, 1.0
3890, 1.0
3895, 1.0
3897, 1.0
3899, 1.0
3900, 1.0
3901, 1.0
3907, 1.0
3909, 1.0
3914, 1.0
3928, 1.0
3998, 1.0
4000, 1.0
4017, 1.0
4022, 1.0
4036, 1.0
4051, 1.0
4080, 1.0
4081, 1.0
4099, 1.0
4100, 1.0
4211, 1.0
4255, 1.0
4279, 1.0
4283, 1.0
4288, 1.0
4289, 1.0
4298, 1.0
4303, 1.0
4309, 1.0
4338, 1.0
4339, 1.0
4342, 1.0
4343, 1.0
4344, 1.0
4346, 1.0
4367, 1.0
4369, 1.0
4450, 1.0
4451, 1.0
4457, 1.0
4458, 1.0
4460, 1.0
4480, 1.0
4505, 1.0
4508, 1.0
4518, 1.0
4550, 1.0
4551, 1.0
4552, 1.0
4553, 1.0
4554, 1.0
4555, 1.0
4556, 1.0
4561, 1.0
4566, 1.0
4571, 1.0
4575, 1.0
4583, 1.0
4587, 1.0
4594, 1.0
4655, 1.0
4705, 1.0
4782, 1.0
4789, 1.0
4814, 1.0
4827, 1.0
4834, 1.0
4837, 1.0
4839, 1.0
4840, 1.0
4845, 1.0
4846, 1.0
4848, 1.0
4878, 1.0
4879, 1.0
4880, 1.0
4882, 1.0
4883, 1.0
4884, 1.0
4910, 1.0
4915, 1.0
4918, 1.0
4921, 1.0
4979, 1.0
5009, 1.0
5029, 1.0
5062, 1.0
5123, 1.0
5138, 1.0
5141, 1.0
5149, 1.0
5150, 1.0
5172, 1.0
5173, 1.0
5174, 1.0
5176, 1.0
5231, 1.0
5237, 1.0
5238, 1.0
5261, 1.0
5285, 1.0
5290, 1.0
5291, 1.0
5292, 1.0
5303, 1.0
5308, 1.0
5309, 1.0
5310, 1.0
5334, 1.0
5546, 1.0
5563, 1.0
5642, 1.0
5643, 1.0
5644, 1.0
5685, 1.0
5762, 1.0
5774, 1.0
5808, 1.0
5809, 1.0
5810, 1.0
5812, 1.0
5820, 1.0
5837, 1.0
5839, 1.0
5858, 1.0
5880, 1.0
5885, 1.0
2556
