1
2
3
4
8
9
10
11
12
36
37
38
39
40
41
49
73
74
75
76
77
79
80
81
103
155
156
157
158
159
173
175
178
179
181
183
184
299
300
301
303
304
305
306
307
308
309
310
311
312
313
314
315
316
317
318
319
320
321
322
323
325
326
327
329
330
331
334
457
459
490
491
506
512
513
514
515
525
526
527
528
529
530
532
533
567
569
575
579
583
584
600
611
658
665
705
710
717
720
723
733
735
736
738
740
742
745
747
750
773
776
779
783
787
793
845
851
900
901
902
903
975
994
998
999
1000
1001
1004
1005
1006
1007
1008
1018
1019
1068
1071
1074
1075
1076
1080
1085
1094
1099
1104
1106
1118
1130
1132
1138
1144
1145
1146
1149
1150
1151
1152
1155
1156
1158
1161
1164
1166
1168
1171
1173
1178
1179
1180
1181
1186
1190
1195
1200
1231
1247
1352
1361
1366
1371
1372
1373
1374
1375
1377
1378
1383
1384
1385
1386
1387
1389
1391
1410
1411
1412
1522
1558
1567
1570
1603
1606
1607
1610
1611
1612
1624
1625
1639
1640
1641
1642
1643
1644
1645
1646
1647
1648
1650
1652
1653
1654
1655
1656
1657
1658
1659
1660
1661
1662
1663
1664
1665
1687
1689
1696
1705
1731
1755
1757
1759
1761
1769
1775
1776
1777
1778
1779
1780
1781
1782
1783
1784
1790
1829
1833
1845
1847
1848
1907
2025
2026
2027
2028
2029
2030
2031
2032
2033
2034
2035
2036
2044
2045
2046
2047
2048
2049
2065
2067
2070
2084
2094
2108
2112
2117
2127
2147
2148
2175
2186
2187
2188
2191
2193
2194
2195
2197
2201
2204
2216
2218
2219
2235
2237
2247
2251
2268
2272
2274
2311
2317
2318
2320
2322
2323
2324
2325
2326
2327
2334
2385
2386
2387
2389
2390
2391
2392
2393
2395
2396
2397
2407
2409
2412
2415
2421
2424
2425
2426
2427
2428
2429
2430
2431
2432
2433
2434
2435
2436
2437
2438
2439
2440
2441
2442
2443
2484
2485
2486
2488
2489
2490
2491
2492
2494
2502
2531
2534
2538
2540
2549
2551
2554
2556
2570
2573
2576
2580
2581
2582
2583
2584
2585
2586
2587
2588
2589
2590
2591
2592
2593
2594
2595
2596
2597
2598
2615
2618
2623
2624
2663
2670
2671
2709
2716
2717
2720
2723
2726
2740
2752
2760
2766
2767
2768
2770
2771
2780
2782
2784
2791
2802
2803
2805
2813
2815
2820
2821
2825
2826
2828
2830
2832
2834
2878
2887
2894
2901
2967
2972
2997
2998
3020
3043
3071
3083
3088
3103
3190
3191
3192
3195
3198
3205
3220
3229
3247
3265
3273
3276
3277
3278
3280
3288
3290
3291
3322
3350
3367
3370
3407
3455
3484
3506
3521
3539
3540
3552
3561
3577
3588
3664
3717
3740
3748
3766
3768
3770
3771
3773
3774
3780
3784
3810
3811
3814
3826
3839
3843
3845
3888
3890
3895
3897
3899
3900
3901
3907
3909
3914
3998
4000
4017
4022
4036
4051
4080
4081
4099
4100
4211
4255
4279
4283
4288
4289
4298
4303
4309
4338
4339
4342
4343
4344
4346
4367
4369
4450
4457
4480
4505
4508
4550
4551
4552
4553
4554
4555
4556
4566
4571
4575
4587
4594
4655
4705
4782
4789
4814
4827
4834
4837
4839
4840
4845
4846
4848
4878
4879
4880
4882
4883
4884
4910
4915
4918
4921
4979
5009
5029
5062
5123
5138
5141
5149
5150
5172
5173
5176
5261
5285
5303
5334
