1
2
3
4
5
6
7
8
9
10
11
12
13
14
15
16
17
18
19
20
21
22
23
24
25
26
27
28
29
30
31
32
33
34
35
36
37
38
39
40
41
42
43
44
45
46
47
48
49
50
51
52
53
54
55
56
57
58
59
60
61
62
63
64
65
66
67
68
69
70
71
72
73
74
75
76
77
78
79
80
81
82
83
84
85
86
87
88
89
90
91
92
93
94
95
96
97
98
99
100
101
103
105
107
155
156
157
158
159
160
172
173
175
178
179
181
183
184
187
190
191
192
194
196
198
200
202
204
206
208
210
213
215
217
219
221
252
270
285
286
287
288
289
290
291
292
293
294
299
300
301
302
303
304
305
306
307
308
309
310
311
312
313
314
315
316
317
318
319
320
321
322
323
325
326
327
328
329
330
331
334
335
336
337
338
340
341
344
356
357
358
359
360
361
365
366
367
368
369
371
372
374
375
376
379
381
382
384
387
454
457
459
462
489
490
491
494
498
499
502
503
506
508
509
510
512
513
514
515
517
518
519
520
521
522
523
524
525
526
527
528
529
530
531
532
533
535
536
537
538
539
540
541
542
543
555
556
566
567
568
569
570
575
578
579
581
582
583
584
585
586
588
589
600
606
611
612
613
614
630
647
658
659
664
665
674
675
676
678
679
680
681
682
683
684
685
686
687
688
689
690
691
705
706
710
711
712
713
714
715
716
717
719
720
721
722
723
724
726
727
728
729
730
731
732
733
734
735
736
737
738
739
740
741
742
743
744
745
746
747
748
750
754
757
759
762
770
773
776
778
779
783
784
786
787
788
791
793
794
823
832
838
845
846
847
851
855
856
857
858
859
860
861
877
878
899
900
901
902
903
904
905
906
907
908
909
910
911
912
913
914
915
916
917
918
919
920
921
924
926
929
931
934
936
939
942
944
947
949
952
954
957
960
962
965
967
970
972
975
976
978
981
982
983
984
985
987
988
994
998
999
1000
1001
1004
1005
1006
1007
1008
1014
1018
1019
1020
1021
1022
1023
1024
1025
1026
1027
1028
1029
1030
1031
1044
1067
1068
1071
1073
1074
1075
1076
1077
1079
1080
1082
1083
1085
1090
1091
1093
1094
1095
1096
1097
1098
1099
1104
1106
1107
1109
1110
1111
1115
1118
1123
1124
1125
1126
1127
1128
1129
1130
1131
1132
1133
1136
1138
1139
1140
1141
1144
1145
1146
1148
1149
1150
1151
1152
1154
1155
1156
1157
1158
1159
1160
1161
1162
1163
1164
1165
1166
1167
1168
1169
1170
1171
1173
1178
1179
1180
1181
1186
1190
1195
1200
1201
1229
1231
1232
1234
1235
1237
1238
1239
1240
1241
1242
1243
1244
1247
1249
1250
1252
1253
1254
1255
1256
1257
1258
1259
1260
1261
1262
1263
1264
1265
1266
1267
1269
1270
1271
1272
1273
1274
1275
1276
1277
1278
1279
1280
1281
1291
1294
1295
1296
1297
1298
1299
1300
1301
1302
1303
1304
1305
1307
1308
1311
1312
1313
1314
1315
1316
1317
1318
1319
1321
1322
1323
1324
1325
1326
1331
1332
1334
1335
1336
1337
1349
1352
1361
1366
1367
1368
1369
1370
1371
1372
1373
1374
1375
1376
1377
1378
1382
1383
1384
1385
1386
1387
1389
1390
1391
1392
1394
1395
1396
1397
1398
1400
1402
1403
1404
1405
1406
1407
1408
1409
1410
1411
1412
1414
1417
1418
1419
1420
1421
1422
1423
1425
1426
1427
1428
1429
1430
1431
1432
1433
1434
1435
1437
1438
1440
1442
1444
1445
1446
1447
1448
1449
1450
1451
1452
1453
1454
1455
1457
1459
1460
1461
1462
1464
1465
1466
1467
1468
1469
1470
1471
1472
1473
1474
1475
1476
1477
1478
1479
1481
1485
1486
1488
1489
1490
1492
1510
1522
1527
1533
1536
1539
1540
1542
1544
1545
1546
1547
1549
1550
1552
1553
1554
1555
1557
1558
1559
1561
1562
1564
1565
1567
1570
1585
1586
1587
1588
1589
1590
1591
1592
1593
1594
1595
1596
1597
1598
1599
1600
1601
1603
1605
1606
1607
1608
1609
1610
1611
1612
1616
1617
1619
1621
1623
1624
1625
1626
1627
1628
1629
1630
1631
1632
1633
1634
1635
1636
1637
1638
1639
1640
1641
1642
1643
1644
1645
1646
1647
1648
1649
1650
1652
1653
1654
1655
1656
1657
1658
1659
1660
1661
1662
1663
1664
1665
1670
1687
1689
1696
1705
1711
1712
1713
1714
1715
1716
1717
1718
1719
1720
1721
1722
1723
1724
1725
1726
1727
1728
1729
1730
1731
1732
1733
1734
1735
1736
1737
1738
1739
1740
1741
1742
1743
1744
1745
1755
1757
1758
1759
1760
1761
1762
1763
1764
1765
1766
1767
1768
1769
1771
1775
1776
1777
1778
1779
1780
1781
1782
1783
1784
1790
1829
1831
1832
1833
1834
1840
1842
1843
1844
1845
1847
1848
1853
1854
1855
1875
1885
1899
1901
1902
1903
1904
1906
1907
1933
1938
1941
1942
1943
1945
1947
1949
1950
1952
1953
1954
1956
1958
1959
1960
1963
1965
1966
1971
1972
1973
1977
1979
1980
1982
1983
1984
1987
1989
1991
1997
1999
2000
2002
2003
2004
2005
2006
2007
2025
2026
2027
2028
2029
2030
2031
2032
2033
2034
2035
2036
2044
2045
2046
2047
2048
2049
2050
2051
2052
2053
2055
2056
2065
2067
2068
2069
2070
2071
2072
2074
2075
2079
2080
2081
2082
2084
2087
2088
2090
2091
2092
2093
2094
2095
2097
2098
2102
2103
2104
2105
2106
2107
2108
2109
2110
2111
2112
2113
2114
2115
2116
2117
2118
2119
2120
2121
2122
2123
2124
2125
2126
2127
2129
2130
2138
2146
2147
2148
2166
2168
2175
2186
2187
2188
2189
2191
2193
2194
2195
2196
2197
2200
2201
2204
2205
2206
2208
2209
2210
2211
2213
2215
2216
2217
2218
2219
2220
2225
2226
2227
2228
2229
2230
2231
2232
2233
2234
2235
2236
2237
2238
2240
2241
2244
2245
2247
2250
2251
2253
2254
2255
2256
2257
2260
2261
2262
2263
2264
2265
2266
2267
2268
2271
2272
2274
2275
2276
2277
2278
2279
2280
2281
2282
2283
2284
2285
2286
2287
2288
2289
2290
2291
2292
2293
2294
2295
2296
2297
2298
2299
2300
2301
2308
2311
2317
2318
2320
2322
2323
2324
2325
2326
2327
2330
2331
2332
2333
2334
2335
2337
2338
2339
2340
2341
2342
2343
2352
2353
2354
2355
2356
2357
2358
2359
2367
2385
2386
2387
2388
2389
2390
2391
2392
2393
2395
2396
2397
2398
2399
2400
2402
2403
2404
2405
2407
2408
2409
2410
2412
2413
2414
2415
2418
2420
2421
2424
2425
2426
2427
2428
2429
2430
2431
2432
2433
2434
2435
2436
2437
2438
2439
2440
2441
2442
2443
2455
2465
2466
2467
2468
2469
2470
2473
2474
2475
2476
2477
2482
2484
2485
2486
2488
2489
2490
2491
2492
2494
2496
2498
2499
2500
2501
2502
2504
2505
2507
2508
2509
2513
2514
2515
2516
2519
2521
2522
2523
2524
2525
2526
2527
2528
2530
2531
2533
2534
2535
2537
2538
2539
2540
2541
2542
2543
2544
2545
2546
2548
2549
2550
2551
2552
2553
2554
2556
2561
2563
2564
2565
2566
2567
2569
2570
2573
2576
2578
2579
2580
2581
2582
2583
2584
2585
2586
2587
2588
2589
2590
2591
2592
2593
2594
2595
2596
2597
2598
2599
2600
2601
2602
2604
2605
2615
2616
2617
2618
2619
2620
2621
2623
2624
2625
2626
2627
2628
2629
2630
2631
2661
2662
2663
2666
2668
2669
2670
2671
2672
2673
2674
2675
2676
2678
2680
2681
2682
2683
2684
2685
2686
2687
2688
2690
2691
2692
2693
2694
2695
2696
2697
2706
2709
2710
2711
2712
2713
2714
2715
2716
2717
2718
2719
2720
2721
2723
2724
2726
2730
2731
2733
2734
2735
2736
2737
2738
2739
2740
2741
2742
2743
2744
2745
2746
2747
2749
2750
2751
2752
2753
2754
2755
2757
2758
2759
2760
2761
2762
2763
2764
2766
2767
2768
2769
2770
2771
2772
2773
2774
2777
2778
2779
2780
2782
2784
2785
2786
2788
2789
2791
2794
2796
2797
2799
2800
2801
2802
2803
2804
2805
2807
2808
2809
2810
2812
2813
2814
2815
2816
2817
2818
2819
2820
2821
2822
2824
2825
2826
2827
2828
2829
2830
2831
2832
2834
2835
2836
2838
2839
2840
2841
2842
2843
2844
2845
2846
2847
2848
2849
2853
2857
2860
2861
2862
2864
2865
2866
2868
2872
2874
2875
2876
2877
2878
2880
2882
2883
2885
2886
2887
2888
2891
2893
2894
2895
2896
2897
2898
2900
2901
2903
2909
2910
2911
2912
2913
2914
2915
2916
2917
2918
2919
2920
2921
2922
2924
2925
2926
2928
2929
2931
2932
2933
2935
2936
2937
2948
2966
2967
2968
2969
2972
2997
2998
3020
3022
3023
3024
3031
3032
3034
3035
3036
3037
3038
3039
3040
3041
3043
3071
3072
3083
3088
3101
3102
3103
3104
3106
3113
3130
3138
3139
3140
3141
3142
3143
3144
3145
3146
3148
3151
3152
3153
3154
3155
3156
3157
3160
3161
3162
3164
3166
3167
3168
3169
3176
3177
3178
3179
3180
3181
3182
3184
3188
3189
3190
3191
3192
3194
3195
3196
3197
3198
3201
3205
3220
3223
3229
3247
3249
3265
3271
3272
3273
3274
3276
3277
3278
3280
3281
3286
3288
3290
3291
3293
3294
3297
3298
3303
3304
3312
3322
3340
3344
3345
3346
3347
3348
3349
3350
3352
3356
3362
3366
3367
3369
3370
3371
3372
3373
3374
3375
3376
3377
3378
3379
3380
3381
3382
3383
3384
3385
3386
3387
3388
3389
3390
3391
3392
3393
3394
3396
3397
3399
3400
3401
3402
3403
3404
3405
3406
3407
3409
3411
3416
3417
3418
3455
3484
3506
3521
3527
3528
3539
3540
3546
3552
3560
3561
3562
3563
3565
3566
3567
3568
3569
3570
3571
3576
3577
3578
3579
3580
3581
3583
3584
3587
3588
3594
3595
3604
3607
3608
3610
3622
3624
3625
3626
3629
3632
3634
3636
3637
3638
3639
3641
3642
3646
3647
3664
3668
3677
3681
3682
3683
3690
3691
3706
3707
3708
3709
3710
3711
3712
3713
3714
3715
3716
3717
3718
3719
3721
3722
3723
3724
3725
3726
3734
3735
3740
3744
3745
3746
3748
3754
3755
3756
3757
3758
3759
3760
3761
3762
3763
3766
3767
3768
3770
3771
3772
3773
3774
3780
3784
3788
3795
3800
3802
3804
3805
3806
3807
3810
3811
3812
3813
3814
3815
3816
3817
3819
3822
3824
3826
3828
3829
3830
3831
3832
3833
3834
3835
3836
3838
3839
3840
3841
3843
3845
3846
3848
3850
3852
3854
3857
3859
3860
3862
3863
3865
3866
3867
3869
3871
3873
3874
3876
3883
3884
3885
3888
3890
3891
3895
3897
3899
3900
3901
3904
3907
3909
3914
3916
3917
3919
3920
3921
3924
3925
3928
3940
3943
3945
3947
3948
3949
3951
3952
3953
3954
3955
3956
3957
3958
3959
3960
3961
3962
3963
3964
3965
3966
3967
3968
3969
3970
3971
3972
3973
3974
3976
3977
3979
3981
3984
3985
3986
3989
3990
3992
3996
3998
4000
4008
4010
4017
4022
4026
4028
4029
4030
4031
4032
4033
4034
4035
4036
4037
4038
4039
4040
4041
4042
4043
4044
4046
4051
4059
4060
4070
4072
4073
4077
4079
4080
4081
4088
4090
4095
4098
4099
4100
4101
4105
4108
4111
4112
4114
4117
4119
4121
4135
4138
4157
4163
4165
4166
4172
4173
4174
4176
4192
4206
4210
4211
4212
4220
4221
4223
4228
4229
4230
4234
4236
4237
4239
4240
4242
4248
4250
4251
4252
4255
4262
4275
4279
4281
4282
4283
4284
4285
4286
4287
4288
4289
4290
4291
4293
4294
4295
4298
4302
4303
4304
4305
4306
4309
4320
4321
4322
4323
4324
4325
4326
4327
4328
4329
4330
4331
4332
4333
4334
4335
4336
4337
4338
4339
4340
4342
4343
4344
4345
4346
4347
4348
4349
4350
4351
4352
4353
4354
4356
4357
4358
4360
4361
4364
4366
4367
4368
4369
4370
4371
4372
4375
4376
4377
4378
4379
4380
4381
4382
4383
4384
4385
4386
4387
4388
4389
4390
4391
4392
4393
4394
4395
4396
4397
4398
4401
4408
4409
4410
4411
4412
4414
4415
4422
4423
4424
4425
4426
4428
4439
4440
4443
4444
4446
4450
4453
4454
4455
4456
4457
4458
4459
4460
4468
4472
4474
4475
4476
4480
4481
4482
4483
4484
4485
4486
4487
4488
4489
4490
4491
4492
4493
4494
4503
4505
4508
4518
4526
4527
4528
4529
4530
4531
4532
4533
4534
4535
4550
4551
4552
4553
4554
4555
4556
4557
4558
4559
4560
4561
4566
4567
4570
4571
4572
4573
4574
4575
4576
4577
4578
4579
4580
4581
4582
4584
4586
4587
4588
4590
4591
4592
4593
4594
4595
4596
4597
4598
4599
4600
4601
4602
4603
4604
4606
4607
4608
4609
4611
4612
4613
4614
4615
4616
4617
4618
4619
4620
4637
4638
4639
4645
4651
4652
4655
4656
4657
4660
4663
4665
4667
4670
4673
4674
4676
4678
4679
4680
4682
4684
4685
4687
4688
4691
4694
4696
4697
4698
4699
4700
4702
4704
4705
4706
4708
4713
4719
4720
4722
4724
4774
4780
4781
4782
4784
4788
4789
4790
4791
4792
4793
4794
4795
4796
4797
4800
4808
4809
4810
4811
4812
4813
4814
4815
4816
4817
4818
4819
4820
4821
4822
4823
4824
4825
4826
4827
4828
4829
4830
4832
4833
4834
4837
4839
4840
4845
4846
4848
4849
4851
4853
4856
4857
4858
4859
4860
4871
4874
4875
4876
4877
4878
4879
4880
4881
4882
4883
4884
4885
4893
4894
4895
4896
4897
4898
4904
4905
4906
4907
4909
4910
4912
4913
4915
4916
4918
4919
4920
4921
4922
4923
4924
4926
4927
4928
4930
4931
4932
4933
4955
4956
4957
4958
4959
4960
4961
4962
4963
4964
4965
4966
4967
4968
4969
4970
4971
4972
4973
4974
4975
4976
4977
4979
4981
4983
4984
4986
4987
4988
4989
4990
4992
4994
4995
4996
4997
4998
4999
5000
5001
5002
5003
5004
5009
5017
5018
5019
5020
5021
5022
5027
5029
5030
5031
5032
5034
5035
5036
5038
5039
5040
5042
5043
5044
5045
5046
5047
5048
5050
5051
5053
5054
5055
5057
5061
5062
5064
5068
5069
5070
5071
5072
5074
5075
5079
5080
5081
5082
5083
5084
5085
5097
5101
5102
5103
5104
5105
5106
5107
5108
5110
5111
5112
5113
5114
5115
5116
5118
5119
5120
5121
5123
5128
5130
5132
5133
5134
5135
5136
5138
5139
5140
5141
5142
5143
5146
5149
5150
5151
5152
5153
5154
5155
5156
5157
5158
5159
5160
5161
5168
5172
5173
5175
5176
5178
5179
5180
5181
5182
5183
5184
5185
5186
5188
5189
5190
5191
5192
5195
5197
5198
5199
5203
5204
5205
5207
5208
5209
5210
5212
5213
5214
5215
5216
5222
5224
5230
5232
5234
5236
5237
5238
5239
5240
5241
5244
5249
5252
5259
5260
5261
5262
5264
5266
5267
5268
5269
5270
5271
5272
5273
5276
5277
5285
5286
5287
5288
5289
5291
5292
5301
5302
5303
5304
5305
5306
5307
5309
5310
5314
5316
5317
5318
5319
5320
5321
5322
5323
5332
5333
5334
5335
5336
5337
5338
5339
5340
5341
5347
5348
5349
5351
5352
5356
5357
5358
5359
5360
5361
5362
5373
5374
5375
5376
5377
5378
5379
5388
5390
5391
5392
5393
5402
5403
5404
5405
5406
5407
5408
5411
5412
5413
5414
5415
5416
5417
5418
5419
5420
5421
5422
5426
5427
5436
5439
5443
5444
5445
5447
5454
5455
5456
5457
5459
5460
5472
5473
5476
5482
5483
5484
5485
5486
5487
5491
5492
5493
5494
5495
5496
5505
5508
5509
5510
5511
5512
5524
5525
5526
5527
5533
5536
5554
5565
5570
5571
5573
5575
5576
5578
5580
5581
5583
5591
5598
5599
5600
5601
5602
5603
5604
5605
5607
5608
5609
5610
5611
5612
5613
5614
5615
5617
5619
5620
5635
5636
5637
5640
5643
5648
5654
5671
5672
5688
5693
5696
5705
5719
5723
5724
5725
5737
5742
5745
5746
5770
5776
5777
5780
5781
5782
5783
5786
5789
5794
5797
5798
5799
5805
5808
5809
5810
5811
5812
5813
5816
5819
5820
5824
5830
5832
5833
5837
5838
5839
5851
5856
5857
5858
5864
5871
5874
5878
5879
5880
5883
5885
5887
